400 2 1
0.6387794960587128 0.12217834895286872
0.0
0.8909414256945238 0.07792789982062487
0.0
0.39177848039846397 0.9872389580301958
0.0
0.5337004430307174 0.4967033207051478
0.0
0.9607542122776551 0.025024654084001452
0.0
0.41558054084518525 0.1894179364980072
0.0
0.3579070908325943 0.16192113429015076
0.0
0.1949375078376776 0.6436407052431753
0.0
0.2384007187912942 0.6332299606703304
0.0
0.9892162894549538 0.9540541364615485
0.0
0.4090213145842736 0.7059790019841069
0.0
0.7290252600952466 0.1595316613799188
0.0
0.6977740617078904 0.5534594592325528
0.0
0.21069786495775844 0.020930827165548282
0.0
0.45711343124173454 0.5262288170382963
0.0
0.8966354494118829 0.4057551244770924
0.0
0.9469890669688581 0.02161361374386206
0.0
0.6683763046849075 0.7627494444309961
0.0
0.959049044329035 0.37702366052297753
0.0
0.01071885944862394 0.336848791647512
0.0
0.9216227413452771 0.26176699178461416
0.0
0.8552755457064577 0.7488047475749683
0.0
0.26545382278614105 0.1562881016918124
0.0
0.6905455655669184 0.8129277527962165
0.0
0.1269812136918499 0.005843423548546389
0.0
0.6635190363333714 0.9471673882816196
0.0
0.6075821699269024 0.37707950467522966
0.0
0.2763955362695528 0.024712213907310487
0.0
0.1485404694213125 0.6336193961762873
0.0
0.5703720167959266 0.9888724358363621
0.0
0.07215990969905917 0.3447345509802513
0.0
0.6023567698924207 0.299623809586418
0.0
0.22087454797556882 0.2790641029749491
0.0
0.78104644712525 0.25420517289961786
0.0
0.0030206092211877422 0.11498975026925473
0.0
0.5658323512841924 0.9950607459034156
0.0
0.547879926909901 0.12046893992357821
0.0
0.5793303374442536 0.2564930027505826
0.0
0.3314577416798802 0.04298855868438778
0.0
0.39968495542278426 0.32396943632829445
0.0
0.25593762712024115 0.3037143967322349
0.0
0.7110389898006606 0.8386832078613786
0.0
0.947728359078182 0.32016938518122073
0.0
0.78880133184303 0.9397717933087314
0.0
0.3670545055690111 0.16829823964673796
0.0
0.9305573304542063 0.13636092480593276
0.0
0.09198364620454436 0.8111588040900105
0.0
0.04730675939369411 0.49297393134560474
0.0
0.174440719476593 0.605669714663362
0.0
0.4071918527148083 0.3683334800614624
0.0
0.8443798097122089 0.5736201510546114
0.0
0.3270960902799521 0.6774611724495562
0.0
0.8289442966619338 0.026071415916033902
0.0
0.23558674429266002 0.1437316466602535
0.0
0.6750201826587522 0.8550827196613716
0.0
0.568669763068835 0.6339976645605314
0.0
0.8833463408374537 0.7068570219192307
0.0
0.5067527808501167 0.10518167887853924
0.0
0.7263931135945884 0.8980069492777094
0.0
0.9010143285596222 0.793474594775142
0.0
0.9193129018476042 0.4614861974976553
0.0
0.21876191417128155 0.24053931053572108
0.0
0.2722301256321217 0.14313025491127085
0.0
0.8295893633724886 0.23082304556702538
0.0
0.5126065782171095 0.7984078759259498
0.0
0.024516645896391687 0.5044560790241578
0.0
0.5908157376782256 0.8070578060715538
0.0
0.2961230898584015 0.7589399263334751
0.0
0.7015512124936153 0.3509044286765668
0.0
0.03280250145403352 0.2159768720648778
0.0
0.07990004299648212 0.5106235523549193
0.0
0.22098035414470396 0.6931827999911792
0.0
0.13678349948976343 0.25464931072956054
0.0
0.7072016375580742 0.876564477342752
0.0
0.6354838575362175 0.8641150741422906
0.0
0.3494027745818681 0.7241373649018373
0.0
0.9535933712581488 0.06423493367176791
0.0
0.6005511209270415 0.28685519827003647
0.0
0.9277582169965476 0.34209832624505754
0.0
0.7139108860960528 0.7979594149571938
0.0
0.6379031412540229 0.5669848850025345
0.0
0.738341351745493 0.9986829207263371
0.0
0.6904272085237984 0.1418874283851712
0.0
0.18333229288291297 0.5252687601327581
0.0
0.7703883087179543 0.6858070028275316
0.0
0.002216754538506449 0.22587622668728458
0.0
0.029796219155304615 0.09714831523441492
0.0
0.3202548158795392 0.8195229775147685
0.0
0.09886764056179165 0.09781419526635782
0.0
0.8071558744489332 0.016196884589461225
0.0
0.28254326074401237 0.9464347659907174
0.0
0.8879615842169931 0.7143583008905613
0.0
0.9005452611374183 0.2752307583029082
0.0
0.8556545485492709 0.3351854917591257
0.0
0.6855176678199776 0.49496573909665
0.0
0.2276011063206188 0.9957670103071566
0.0
0.7271631654892913 0.37983168393908295
0.0
0.2578504976106506 0.36435519366370517
0.0
0.4132020996092206 0.014754972862751514
0.0
0.528427583289316 0.400266766802992
0.0
-0.0058064749428135 0.41292605859658726
1.0
-0.6752465801038837 0.22096709353456456
1.0
-0.7543907750459339 0.884155352150931
1.0
-0.29066845533826 0.8093272232849938
1.0
-0.9606260385300124 0.24752951513603716
1.0
-0.11666796259078904 0.041092680799962755
1.0
-0.8227844537804856 0.9025348307353226
1.0
-0.8937944809930188 0.3735111763709582
1.0
-0.14633002912711834 0.9718072469540955
1.0
-0.10736878524722326 0.5939493501469805
1.0
-0.5519513141379521 0.37364818383535325
1.0
-0.941407135064182 0.7790064305305443
1.0
-0.12361803968853757 0.8251340419750389
1.0
-0.644784209133073 0.9744681530285759
1.0
-0.8821514811043417 0.1235510852825259
1.0
-0.0168855211737996 0.32739123538196546
1.0
-0.5850981240645893 0.3636632415427855
1.0
-0.6371393972059834 0.8658584167139219
1.0
-0.10036805029535534 0.28769241546584545
1.0
-0.745543799325796 0.3901865081907484
1.0
-0.5311471527107438 0.6861851178614387
1.0
-0.5178846512275032 0.9833571499061401
1.0
-0.7371419931460238 0.5706358167734472
1.0
-0.721190399394775 0.012907330080420443
1.0
-0.5083973133049658 0.6224567551566177
1.0
-0.7490261539639967 0.17377544243343723
1.0
-0.6084476663081531 0.9350050807600622
1.0
-0.3021427617498541 0.8012773752789265
1.0
-0.6309583212754941 0.8095877832950563
1.0
-0.14793749212038942 0.18308148381569278
1.0
-0.17622863722352 0.3716725343429498
1.0
-0.7255694302858978 0.510001899938371
1.0
-0.9624088445029113 0.5771097147295312
1.0
-0.6959468007474453 0.9024595314467663
1.0
-0.13509240063717387 0.9230727806950468
1.0
-0.7145351216983102 0.44851968114937935
1.0
-0.5853055139067622 0.5327663197884559
1.0
-0.9356445534526514 0.2254947815247631
1.0
-0.348266243219594 0.4207371516445374
1.0
-0.5728572060034227 0.26993448128163866
1.0
-0.8579957042268919 0.6252748763399685
1.0
-0.6380139978811591 0.4308433924959526
1.0
-0.21741692986807748 0.3907289032437209
1.0
-0.07637380848864805 0.9476965312862374
1.0
-0.3910023806980004 0.0008941405399697233
1.0
-0.9327078698221478 0.7883597216828732
1.0
-0.47577732725908894 0.21542708883460215
1.0
-0.6754136972897786 0.5452242815160789
1.0
-0.035773837366606 0.4940728670031702
1.0
-0.9282372093916308 0.35181564807832577
1.0
-0.2142699998475901 0.4089521849490674
1.0
-0.7666497865065556 0.16417590490038791
1.0
-0.7636459210106826 0.2954098113523238
1.0
-0.33210491562159583 0.9103169943955629
1.0
-0.3070690080411017 0.24469215497418606
1.0
-0.3393148919674108 0.32824386426252805
1.0
-0.4093405922512108 0.1070832833399068
1.0
-0.5205309041898013 0.23592026068894145
1.0
-0.6791960859197185 0.9883633154684179
1.0
-0.7606926429548571 0.23436797462263703
1.0
-0.6609770102162731 0.21352155229539416
1.0
-0.6931374435229095 0.6658926135396115
1.0
-0.9772123667270524 0.8799093019727812
1.0
-0.7514891445416266 0.20774062333437815
1.0
-0.35133232972537276 0.5049674553049275
1.0
-0.42343382004588803 0.7098085053246009
1.0
-0.5818291645466603 0.2519188918833605
1.0
-0.2779369889169242 0.5373743635364654
1.0
-0.21851045326114749 0.7193860565738099
1.0
-0.5636354896619271 0.8460847870379115
1.0
-0.27794189086327903 0.7633258618522321
1.0
-0.5310007855204368 0.5735129037038116
1.0
-0.9704800123782495 0.4521110132726972
1.0
-0.7260511038938652 0.13701196529319115
1.0
-0.7317057074815987 0.07423784525060961
1.0
-0.38244257386749536 0.656690722835809
1.0
-0.8976320549712997 0.5278155350257892
1.0
-0.10607389559154734 0.9149625838055293
1.0
-0.2912180623475872 0.45542841332492834
1.0
-0.5210271964959081 0.8527087144915094
1.0
-0.015613281514464505 0.3624913351867438
1.0
-0.17956336641765613 0.5251164879167581
1.0
-0.14796280879432588 0.887156618005224
1.0
-0.16355023063308172 0.7738899880389724
1.0
-0.8070999524658138 0.37886187057594656
1.0
-0.33152556389224663 0.3793611309838878
1.0
-0.8193501670319876 0.36044709964920885
1.0
-0.6398534953123546 0.4993700405786472
1.0
-0.355595197953367 0.1410947844121263
1.0
-0.16522757254289944 0.581654842911759
1.0
-0.9590877478785065 0.09425928733002409
1.0
-0.9549654508183912 0.35428580418634614
1.0
-0.7213930263830899 0.5885371851823464
1.0
-0.6800192154826431 0.07320786437028104
1.0
-0.29424795561129036 0.71638024557033
1.0
-0.8699885382715323 0.9406339917109755
1.0
-0.8998729449776179 0.766626950581121
1.0
-0.12913582148191538 0.4604446967554914
1.0
-0.49592920734654355 0.8866079247674514
1.0
-0.11886166375818974 0.9985967149459615
1.0
-0.5942869404665535 -0.9893171662700567
0.0
-0.8544700368127911 -0.3171536465394118
0.0
-0.5665372037841324 -0.45185715900575707
0.0
-0.7770116327555905 -0.9680696232012814
0.0
-0.15884265049953683 -0.8256136303064153
0.0
-0.5251604000369785 -0.6599707373155516
0.0
-0.9857121640237558 -0.7500286132434385
0.0
-0.07929663161475942 -0.20997078356270127
0.0
-0.16139477694886584 -0.46291776593721035
0.0
-0.008459720274192617 -0.524144324037715
0.0
-0.4515298164927952 -0.5380514674331994
0.0
-0.9882311914904691 -0.5079569384912215
0.0
-0.7048627802952986 -0.8153924809445614
0.0
-0.5097255941204438 -0.875577803341206
0.0
-0.6844550030079888 -0.6045592527798751
0.0
-0.6640373291721848 -0.12150223525188186
0.0
-0.5295824521854535 -0.3919370033211176
0.0
-0.001113956615948597 -0.34148128474569583
0.0
-0.6119689033310203 -0.1925980589985623
0.0
-0.2813962649748023 -0.8906755177574611
0.0
-0.4387019790524038 -0.4886974470491803
0.0
-0.6749601100134187 -0.265260181252434
0.0
-0.19942741620418536 -0.014416116110356314
0.0
-0.7454716907105785 -0.966891225030107
0.0
-0.6108488683502311 -0.47433513257976834
0.0
-0.7809398419996777 -0.5752949034826896
0.0
-0.5545853466242758 -0.09332906229011784
0.0
-0.3529981202626211 -0.72929081704499
0.0
-0.4651729850813483 -0.33480207243599913
0.0
-0.8987914179008565 -0.18566816286722465
0.0
-0.5773233010407598 -0.06494456343841204
0.0
-0.09703876566703729 -0.4552990718440383
0.0
-0.371924845347096 -0.236966206000509
0.0
-0.6080695382580752 -0.8647378953761484
0.0
-0.4956200854233521 -0.2046596518028383
0.0
-0.4003251457539455 -0.3593454458559783
0.0
-0.1815192949769464 -0.29832833617388277
0.0
-0.8073018609513025 -0.2441941004973015
0.0
-0.9845748777195457 -0.8899519339275165
0.0
-0.6729491937733345 -0.3483489436766114
0.0
-0.5285238001506168 -0.7008036574182331
0.0
-0.18056156483665842 -0.07220235356043869
0.0
-0.7186866271675254 -0.5795249340630771
0.0
-0.38898985679431664 -0.8243015481356608
0.0
-0.9652145956865944 -0.01990731146803515
0.0
-0.946041438128703 -0.39720242425019303
0.0
-0.954278852452153 -0.29234120436322364
0.0
-0.03752501912616413 -0.715058193605241
0.0
-0.6532351577838033 -0.19609561290917132
0.0
-0.4977681265199412 -0.6404811243180918
0.0
-0.028467191840427675 -0.7961828349421459
0.0
-0.1136521264631819 -0.5037757374835325
0.0
-0.6078123327442608 -0.5641632978370056
0.0
-0.693660300709258 -0.62531183443097
0.0
-0.35712255382902125 -0.8977779016338967
0.0
-0.40540713582843435 -0.9351680930049414
0.0
-0.6578446205346018 -0.46715242746664665
0.0
-0.18976974209117026 -0.3049485364373328
0.0
-0.40232865570918797 -0.2884972565993832
0.0
-0.8272281549103605 -0.4437390830440656
0.0
-0.8238817411434564 -0.3576170110739848
0.0
-0.30181592832013626 -0.9104313904166268
0.0
-0.008910169546765379 -0.5996417642628435
0.0
-0.5136023179469188 -0.5386953419580909
0.0
-0.7857274400152835 -0.9991956169503455
0.0
-0.06926572912818818 -0.6853003700798187
0.0
-0.38679134873776044 -0.710880448591976
0.0
-0.695233525102449 -0.1107929793509671
0.0
-0.2866342544160736 -0.9975615760504236
0.0
-0.18296895849146322 -0.8381842874222668
0.0
-0.3251992336499564 -0.44284163955776723
0.0
-0.8976741801575007 -0.5784103656988876
0.0
-0.24791692433406864 -0.9741385740741743
0.0
-0.010674550320474818 -0.033492091427729465
0.0
-0.7396869600376903 -0.7629362645019843
0.0
-0.5638100454528524 -0.5830442001045414
0.0
-0.8270298344077003 -0.6382655062522067
0.0
-0.8184551246161864 -0.08504150171970748
0.0
-0.6450888474867249 -0.2600718621342317
0.0
-0.7567399940311305 -0.7510672462174244
0.0
-0.048204954044716475 -0.0857062317032633
0.0
-0.08243313208870184 -0.6850730719318665
0.0
-0.998314178753088 -0.7288113262147453
0.0
-0.40060919152734575 -0.4900529090691834
0.0
-0.2195999941685467 -0.39170430262132017
0.0
-0.2380541194425666 -0.6085475698724613
0.0
-0.7185218281383776 -0.7479270699916586
0.0
-0.6367505572839415 -0.6859329479120853
0.0
-0.6227274370034528 -0.7901749937786674
0.0
-0.3380943609191287 -0.5408999790043281
0.0
-0.08719998247375016 -0.06746256644041004
0.0
-0.6043258345645052 -0.895799612877964
0.0
-0.263069054884027 -0.5889320620761294
0.0
-0.6405349475803557 -0.9433324897771488
0.0
-0.7711196613001894 -0.5709210443465288
0.0
-0.39130730246964085 -0.21057564294393383
0.0
-0.8061135841973714 -0.3476363451955976
0.0
-0.6159663986681605 -0.13112050064491787
0.0
-0.18373633108971588 -0.6383281891016174
0.0
-0.5906996814242728 -0.01151919716395533
0.0
0.5338980458254905 -0.4107668238002157
1.0
0.3127113104458221 -0.16459397663280895
1.0
0.7287456382118714 -0.31932114796026756
1.0
0.22779897308262576 -0.6263563847230663
1.0
0.7261090329143649 -0.31302075695873754
1.0
0.20043783847290042 -0.965624929622828
1.0
0.9431990460044427 -0.731164692054013
1.0
0.4036624339687873 -0.871682945501566
1.0
0.44891152313000915 -0.637970009640959
1.0
0.5913109447036579 -0.0015533175314780268
1.0
0.08081599495367331 -0.23491209518515632
1.0
0.4572221032851618 -0.8365110913920226
1.0
0.4761148017999396 -0.816819828043823
1.0
0.6240000711330113 -0.22007673713011944
1.0
0.7060638315846509 -0.2246494082819298
1.0
0.6829901506365145 -0.5678106706702001
1.0
0.6578979454933195 -0.9668796908037632
1.0
0.4314850686080002 -0.6479086524536387
1.0
0.5201410718809764 -0.30584065215420764
1.0
0.25654377824935815 -0.3292146897854843
1.0
0.3018272341310895 -0.5657012647534967
1.0
0.1368585065446264 -0.33297477937980846
1.0
0.13759211813624173 -0.26391436804329804
1.0
0.6991067690427667 -0.9059899204464025
1.0
0.9589328415632932 -0.0828127419869088
1.0
0.5437132716517955 -0.44624522644706677
1.0
0.15370076115247244 -0.37893553437015837
1.0
0.5924420376339357 -0.05443439951124507
1.0
0.2747934201944817 -0.8082994494110836
1.0
0.8056103438962608 -0.015470688136296706
1.0
0.3876411398328604 -0.3084012907086858
1.0
0.8670334387878834 -0.8524809537760643
1.0
0.3019333504219436 -0.0796555008151858
1.0
0.2807161794856029 -0.4721264681003873
1.0
0.7339987944271119 -0.7963899833287693
1.0
0.15188022391535627 -0.923862792364779
1.0
0.814879704760774 -0.7605244364293887
1.0
0.5423412102703107 -0.6392863845534585
1.0
0.11437157245064067 -0.589434410762059
1.0
0.01632506574980097 -0.8060674188386908
1.0
0.013279267526653316 -0.6778595377715151
1.0
0.657839626608183 -0.10934709274749388
1.0
0.5926888646668591 -0.9616039532730437
1.0
0.327849651555846 -0.9070102292526668
1.0
0.4336741139231929 -0.6191802686394715
1.0
0.3059167640302508 -0.922379037947637
1.0
0.5506695256879237 -0.1322061378967614
1.0
0.23203710801655275 -0.40390310067757107
1.0
0.03429688599590064 -0.771437757641269
1.0
0.42742004980442705 -0.5013479602985476
1.0
0.7540567035891386 -0.9458004144524861
1.0
0.7613682091139732 -0.6365914443241485
1.0
0.9213650577077315 -0.4236098190564286
1.0
0.19997158588812858 -0.22649926349777183
1.0
0.36969325384070595 -0.8010800371532035
1.0
0.8719521280158187 -0.32012156606760545
1.0
0.13613242340781795 -0.39889488802786544
1.0
0.25433957552012887 -0.6999352434570492
1.0
0.4739786615153353 -0.7458677430742751
1.0
0.4306895828865429 -0.8548101008487415
1.0
0.5718135747590415 -0.3131902632049016
1.0
0.9520459333739951 -0.8445212034156432
1.0
0.9316480862350033 -0.5434787296762987
1.0
0.47413818402647423 -0.5321053135429294
1.0
0.9708492918441828 -0.8496969696504779
1.0
0.4365499852269584 -0.3141179650239718
1.0
0.17179486531803478 -0.8612191573240636
1.0
0.1664930346977791 -0.6740128806949596
1.0
0.20360738182927518 -0.8168312239677736
1.0
0.7153583939303083 -0.9842019262652358
1.0
0.4703642882600205 -0.8177652261495518
1.0
0.3122880184826531 -0.9285975137666875
1.0
0.8404260392275081 -0.35492945455013414
1.0
0.49530678231215564 -0.8293101969569259
1.0
0.518496687252065 -0.9849521260563913
1.0
0.1380520777006724 -0.9206668432182199
1.0
0.6737305346467373 -0.09220691486001431
1.0
0.8520189778797482 -0.4655290264179317
1.0
0.9823304021686896 -0.7616684226929331
1.0
0.9051427861192982 -0.7280384386315482
1.0
0.4679973749712101 -0.07704064382425457
1.0
0.7907392182874834 -0.32677478692753226
1.0
0.222814598226436 -0.06718074642841587
1.0
0.3352796646559947 -0.507885344921845
1.0
0.9800528345393327 -0.6171657404791654
1.0
0.03582112713529928 -0.8449507991123294
1.0
0.6974866318281011 -0.6505042698209537
1.0
0.6966971925343733 -0.5608877058391444
1.0
0.03727274759365551 -0.6917265026315179
1.0
0.5758886190331785 -0.16239215991668787
1.0
0.680195052198218 -0.5449849924771156
1.0
0.06108284923553098 -0.3032298879935713
1.0
0.6560766064883966 -0.4557711415694917
1.0
0.47752122027662613 -0.8198056085339095
1.0
0.45706094123661767 -0.32159283186121
1.0
0.49866838591292795 -0.022364439643463907
1.0
0.14229277033489118 -0.004179568308664949
1.0
0.6295291952104854 -0.7524066082233
1.0
0.6379140865855656 -0.9699352271801345
1.0
0.49928976281404436 -0.31536489875865115
1.0
